
fx: 500
fy: 500
cx: 400
cy: 300
image_width: 640
image_height: 480
