{
   "camera_matrix" : {
      "c_x" : 400,
      "c_y" : 300,
      "focal_x" : 500,
      "focal_y" : 500
   },
   "views" : [
      {
         "id" : 0,
         "rotation" : [ 1, 0, 0, 0, 0, -1, 0, 1, 0 ],
         "translation" : [ 0, 0.40000000000000002, 0 ]
      },
      {
         "id" : 1,
         "rotation" : [
            1,
            0,
            0,
            0,
            -0.50000000000000022,
            -0.86602540378443871,
            0,
            0.86602540378443871,
            -0.50000000000000022
         ],
         "translation" : [ 0, 0.34641016151377552, 0.19999999999999998 ]
      },
      {
         "id" : 2,
         "rotation" : [
            1,
            0,
            0,
            0,
            -0.86602540378443926,
            -0.50000000000000011,
            0,
            0.50000000000000011,
            -0.86602540378443926
         ],
         "translation" : [ 0, 0.20000000000000007, 0.34641016151377546 ]
      },
      {
         "id" : 3,
         "rotation" : [ 1, 0, 0, 0, -1, 0, 0, 0, -1 ],
         "translation" : [ 0, 0, 0.40000000000000002 ]
      },
      {
         "id" : 4,
         "rotation" : [
            1,
            0,
            0,
            0,
            -0.86602540378443793,
            0.49999999999999972,
            0,
            -0.49999999999999972,
            -0.86602540378443793
         ],
         "translation" : [ 0, -0.19999999999999993, 0.34641016151377552 ]
      },
      {
         "id" : 5,
         "rotation" : [
            1,
            0,
            0,
            0,
            -0.50000000000000067,
            0.86602540378443849,
            0,
            -0.86602540378443849,
            -0.50000000000000067
         ],
         "translation" : [ 0, -0.34641016151377541, 0.20000000000000015 ]
      },
      {
         "id" : 6,
         "rotation" : [ 1, 0, 0, 0, 0, 1, 0, -1, 0 ],
         "translation" : [ 0, -0.40000000000000002, 0 ]
      },
      {
         "id" : 6,
         "rotation" : [
            0.25000000000000011,
            -0.4330127018922193,
            -0.8660254037844386,
            -0.4330127018922193,
            0.75,
            -0.50000000000000011,
            0.8660254037844386,
            0.50000000000000011,
            0
         ],
         "translation" : [ 0.34641016151377546, 0.20000000000000007, 0 ]
      },
      {
         "id" : 7,
         "rotation" : [
            -0.12500000000000044,
            -0.64951905283832934,
            -0.75000000000000011,
            -0.64951905283832934,
            0.62499999999999978,
            -0.43301270189221946,
            0.75000000000000011,
            0.43301270189221946,
            -0.50000000000000067
         ],
         "translation" : [ 0.30000000000000004, 0.17320508075688779, 0.19999999999999998 ]
      },
      {
         "id" : 8,
         "rotation" : [
            -0.39951905283832945,
            -0.80801270189221974,
            -0.43301270189221946,
            -0.80801270189221974,
            0.53349364905388996,
            -0.25000000000000011,
            0.43301270189221946,
            0.25000000000000011,
            -0.86602540378443948
         ],
         "translation" : [ 0.17320508075688779, 0.10000000000000006, 0.34641016151377546 ]
      },
      {
         "id" : 9,
         "rotation" : [ 1, 0, 0, 0, -1, 0, 0, 0, -1 ],
         "translation" : [ 0, 0, 0.40000000000000002 ]
      },
      {
         "id" : 10,
         "rotation" : [
            -0.39951905283832789,
            -0.80801270189221919,
            0.43301270189221902,
            -0.80801270189221919,
            0.53349364905389018,
            0.24999999999999997,
            -0.43301270189221902,
            -0.24999999999999997,
            -0.86602540378443771
         ],
         "translation" : [ -0.17320508075688765, -0.099999999999999992, 0.34641016151377552 ]
      },
      {
         "id" : 11,
         "rotation" : [
            -0.12500000000000044,
            -0.64951905283832934,
            0.74999999999999989,
            -0.64951905283832934,
            0.62499999999999978,
            0.4330127018922193,
            -0.74999999999999989,
            -0.4330127018922193,
            -0.50000000000000067
         ],
         "translation" : [ -0.29999999999999993, -0.17320508075688773, 0.20000000000000015 ]
      },
      {
         "id" : 12,
         "rotation" : [
            0.25000000000000011,
            -0.4330127018922193,
            0.8660254037844386,
            -0.4330127018922193,
            0.75,
            0.50000000000000011,
            -0.8660254037844386,
            -0.50000000000000011,
            0
         ],
         "translation" : [ -0.34641016151377546, -0.20000000000000007, 0 ]
      },
      {
         "id" : 12,
         "rotation" : [
            0.25000000000000011,
            0.43301270189221902,
            -0.8660254037844386,
            0.43301270189221902,
            0.75000000000000022,
            0.49999999999999978,
            0.8660254037844386,
            -0.49999999999999978,
            0
         ],
         "translation" : [ 0.34641016151377552, -0.19999999999999993, 0 ]
      },
      {
         "id" : 13,
         "rotation" : [
            -0.12500000000000044,
            0.64951905283832889,
            -0.75000000000000011,
            0.64951905283832889,
            0.62500000000000022,
            0.43301270189221919,
            0.75000000000000011,
            -0.43301270189221919,
            -0.50000000000000022
         ],
         "translation" : [ 0.30000000000000004, -0.17320508075688767, 0.19999999999999998 ]
      },
      {
         "id" : 14,
         "rotation" : [
            -0.39951905283832945,
            0.8080127018922193,
            -0.43301270189221946,
            0.8080127018922193,
            0.53349364905389052,
            0.24999999999999997,
            0.43301270189221946,
            -0.24999999999999997,
            -0.86602540378443882
         ],
         "translation" : [ 0.17320508075688779, -0.099999999999999992, 0.34641016151377546 ]
      },
      {
         "id" : 15,
         "rotation" : [ 1, 0, 0, 0, -1, 0, 0, 0, -1 ],
         "translation" : [ 0, 0, 0.40000000000000002 ]
      },
      {
         "id" : 16,
         "rotation" : [
            -0.39951905283832878,
            0.80801270189221885,
            0.43301270189221913,
            0.80801270189221885,
            0.53349364905389085,
            -0.24999999999999978,
            -0.43301270189221913,
            0.24999999999999978,
            -0.86602540378443793
         ],
         "translation" : [ -0.17320508075688767, 0.099999999999999922, 0.34641016151377552 ]
      },
      {
         "id" : 17,
         "rotation" : [
            -0.12500000000000067,
            0.649519052838329,
            0.75,
            0.649519052838329,
            0.62500000000000022,
            -0.43301270189221902,
            -0.75,
            0.43301270189221902,
            -0.50000000000000044
         ],
         "translation" : [ -0.29999999999999999, 0.17320508075688762, 0.20000000000000015 ]
      },
      {
         "id" : 18,
         "rotation" : [
            0.25000000000000011,
            0.43301270189221902,
            0.8660254037844386,
            0.43301270189221902,
            0.75000000000000022,
            -0.49999999999999978,
            -0.8660254037844386,
            0.49999999999999978,
            0
         ],
         "translation" : [ -0.34641016151377552, 0.19999999999999993, 0 ]
      },
      {
         "id" : 18,
         "rotation" : [ 1, 0, 0, 0, 0, 1, 0, -1, 0 ],
         "translation" : [ 0, -0.40000000000000002, 0 ]
      },
      {
         "id" : 19,
         "rotation" : [
            1,
            0,
            0,
            0,
            -0.50000000000000022,
            0.86602540378443871,
            0,
            -0.86602540378443871,
            -0.50000000000000022
         ],
         "translation" : [ 0, -0.34641016151377552, 0.19999999999999998 ]
      },
      {
         "id" : 20,
         "rotation" : [
            1,
            0,
            0,
            0,
            -0.86602540378443926,
            0.50000000000000011,
            0,
            -0.50000000000000011,
            -0.86602540378443926
         ],
         "translation" : [ 0, -0.20000000000000007, 0.34641016151377546 ]
      },
      {
         "id" : 21,
         "rotation" : [ 1, 0, 0, 0, -1, 0, 0, 0, -1 ],
         "translation" : [ 0, 0, 0.40000000000000002 ]
      },
      {
         "id" : 22,
         "rotation" : [
            1,
            0,
            0,
            0,
            -0.86602540378443793,
            -0.49999999999999972,
            0,
            0.49999999999999972,
            -0.86602540378443793
         ],
         "translation" : [ 0, 0.19999999999999993, 0.34641016151377552 ]
      },
      {
         "id" : 23,
         "rotation" : [
            1,
            0,
            0,
            0,
            -0.50000000000000067,
            -0.86602540378443849,
            0,
            0.86602540378443849,
            -0.50000000000000067
         ],
         "translation" : [ 0, 0.34641016151377541, 0.20000000000000015 ]
      },
      {
         "id" : 24,
         "rotation" : [ 1, 0, 0, 0, 0, -1, 0, 1, 0 ],
         "translation" : [ 0, 0.40000000000000002, 0 ]
      },
      {
         "id" : 24,
         "rotation" : [
            0.25000000000000067,
            -0.43301270189221952,
            0.86602540378443826,
            -0.43301270189221952,
            0.74999999999999956,
            0.50000000000000044,
            -0.86602540378443826,
            -0.50000000000000044,
            0
         ],
         "translation" : [ -0.34641016151377535, -0.20000000000000018, 0 ]
      },
      {
         "id" : 25,
         "rotation" : [
            -0.12499999999999933,
            -0.64951905283832956,
            0.74999999999999978,
            -0.64951905283832956,
            0.62499999999999911,
            0.4330127018922198,
            -0.74999999999999978,
            -0.4330127018922198,
            -0.50000000000000022
         ],
         "translation" : [ -0.29999999999999993, -0.17320508075688792, 0.19999999999999998 ]
      },
      {
         "id" : 26,
         "rotation" : [
            -0.39951905283832878,
            -0.80801270189222008,
            0.43301270189221935,
            -0.80801270189222008,
            0.5334936490538893,
            0.25000000000000028,
            -0.43301270189221935,
            -0.25000000000000028,
            -0.86602540378443948
         ],
         "translation" : [ -0.17320508075688773, -0.10000000000000012, 0.34641016151377546 ]
      },
      {
         "id" : 27,
         "rotation" : [ 1, 0, 0, 0, -1, 0, 0, 0, -1 ],
         "translation" : [ 0, 0, 0.40000000000000002 ]
      },
      {
         "id" : 28,
         "rotation" : [
            -0.39951905283832767,
            -0.80801270189221952,
            -0.43301270189221897,
            -0.80801270189221952,
            0.53349364905388974,
            -0.25000000000000011,
            0.43301270189221897,
            0.25000000000000011,
            -0.86602540378443793
         ],
         "translation" : [ 0.17320508075688762, 0.10000000000000005, 0.34641016151377552 ]
      },
      {
         "id" : 29,
         "rotation" : [
            -0.125,
            -0.64951905283832967,
            -0.74999999999999978,
            -0.64951905283832967,
            0.62499999999999911,
            -0.43301270189221963,
            0.74999999999999978,
            0.43301270189221963,
            -0.50000000000000089
         ],
         "translation" : [ 0.29999999999999988, 0.17320508075688787, 0.20000000000000015 ]
      },
      {
         "id" : 30,
         "rotation" : [
            0.25000000000000067,
            -0.43301270189221952,
            -0.86602540378443826,
            -0.43301270189221952,
            0.74999999999999956,
            -0.50000000000000044,
            0.86602540378443826,
            0.50000000000000044,
            0
         ],
         "translation" : [ 0.34641016151377535, 0.20000000000000018, 0 ]
      },
      {
         "id" : 30,
         "rotation" : [
            0.24999999999999933,
            0.43301270189221897,
            0.86602540378443915,
            0.43301270189221897,
            0.75000000000000067,
            -0.49999999999999939,
            -0.86602540378443915,
            0.49999999999999939,
            0
         ],
         "translation" : [ -0.34641016151377563, 0.19999999999999973, 0 ]
      },
      {
         "id" : 31,
         "rotation" : [
            -0.12500000000000133,
            0.64951905283832856,
            0.75000000000000044,
            0.64951905283832856,
            0.62500000000000089,
            -0.4330127018922188,
            -0.75000000000000044,
            0.4330127018922188,
            -0.50000000000000044
         ],
         "translation" : [ -0.30000000000000021, 0.17320508075688754, 0.19999999999999998 ]
      },
      {
         "id" : 32,
         "rotation" : [
            -0.39951905283833056,
            0.80801270189221874,
            0.43301270189221963,
            0.80801270189221874,
            0.53349364905389152,
            -0.24999999999999972,
            -0.43301270189221963,
            0.24999999999999972,
            -0.86602540378443904
         ],
         "translation" : [ -0.17320508075688787, 0.099999999999999895, 0.34641016151377546 ]
      },
      {
         "id" : 33,
         "rotation" : [ 1, 0, 0, 0, -1, 0, 0, 0, -1 ],
         "translation" : [ 0, 0, 0.40000000000000002 ]
      },
      {
         "id" : 34,
         "rotation" : [
            -0.39951905283832989,
            0.80801270189221841,
            -0.43301270189221935,
            0.80801270189221841,
            0.53349364905389174,
            0.24999999999999956,
            0.43301270189221935,
            -0.24999999999999956,
            -0.86602540378443815
         ],
         "translation" : [ 0.17320508075688776, -0.099999999999999825, 0.34641016151377552 ]
      },
      {
         "id" : 35,
         "rotation" : [
            -0.12500000000000178,
            0.64951905283832878,
            -0.75000000000000033,
            0.64951905283832878,
            0.62500000000000089,
            0.43301270189221869,
            0.75000000000000033,
            -0.43301270189221869,
            -0.50000000000000089
         ],
         "translation" : [ 0.3000000000000001, -0.17320508075688748, 0.20000000000000015 ]
      },
      {
         "id" : 36,
         "rotation" : [
            0.24999999999999933,
            0.43301270189221897,
            -0.86602540378443915,
            0.43301270189221897,
            0.75000000000000067,
            0.49999999999999939,
            0.86602540378443915,
            -0.49999999999999939,
            0
         ],
         "translation" : [ 0.34641016151377563, -0.19999999999999973, 0 ]
      },
      {
         "id" : 36,
         "rotation" : [ 1, 0, 0, 0, 0, -1, 0, 1, 0 ],
         "translation" : [ 0, 0.40000000000000002, 0 ]
      },
      {
         "id" : 37,
         "rotation" : [
            1,
            0,
            0,
            0,
            -0.50000000000000022,
            -0.86602540378443871,
            0,
            0.86602540378443871,
            -0.50000000000000022
         ],
         "translation" : [ 0, 0.34641016151377552, 0.19999999999999998 ]
      },
      {
         "id" : 38,
         "rotation" : [
            1,
            0,
            0,
            0,
            -0.86602540378443926,
            -0.50000000000000011,
            0,
            0.50000000000000011,
            -0.86602540378443926
         ],
         "translation" : [ 0, 0.20000000000000007, 0.34641016151377546 ]
      },
      {
         "id" : 39,
         "rotation" : [ 1, 0, 0, 0, -1, 0, 0, 0, -1 ],
         "translation" : [ 0, 0, 0.40000000000000002 ]
      },
      {
         "id" : 40,
         "rotation" : [
            1,
            0,
            0,
            0,
            -0.86602540378443793,
            0.49999999999999972,
            0,
            -0.49999999999999972,
            -0.86602540378443793
         ],
         "translation" : [ 0, -0.19999999999999993, 0.34641016151377552 ]
      },
      {
         "id" : 41,
         "rotation" : [
            1,
            0,
            0,
            0,
            -0.50000000000000067,
            0.86602540378443849,
            0,
            -0.86602540378443849,
            -0.50000000000000067
         ],
         "translation" : [ 0, -0.34641016151377541, 0.20000000000000015 ]
      },
      {
         "id" : 42,
         "rotation" : [ 1, 0, 0, 0, 0, 1, 0, -1, 0 ],
         "translation" : [ 0, -0.40000000000000002, 0 ]
      }
   ]
}
