{
   "camera_matrix" : {
      "c_x" : 400,
      "c_y" : 300,
      "focal_x" : 600,
      "focal_y" : 600
   },
   "views" : [
      {
         "id" : 0,
         "rotation" : [ 1, 0, 0, 0, 0, -1, 0, 1, 0 ],
         "translation" : [ 0, 0.5, 0 ]
      },
      {
         "id" : 1,
         "rotation" : [
            0.25000000000000011,
            -0.4330127018922193,
            -0.8660254037844386,
            -0.4330127018922193,
            0.75,
            -0.50000000000000011,
            0.8660254037844386,
            0.50000000000000011,
            0
         ],
         "translation" : [ 0.4330127018922193, 0.25000000000000006, 0 ]
      },
      {
         "id" : 2,
         "rotation" : [
            0.24999999999999989,
            0.43301270189221919,
            -0.86602540378443882,
            0.43301270189221919,
            0.75000000000000022,
            0.49999999999999983,
            0.86602540378443882,
            -0.49999999999999983,
            0
         ],
         "translation" : [ 0.43301270189221935, -0.24999999999999989, 0 ]
      },
      {
         "id" : 3,
         "rotation" : [ 1, 0, 0, 0, 0, 1, 0, -1, 0 ],
         "translation" : [ 0, -0.5, 0 ]
      },
      {
         "id" : 4,
         "rotation" : [
            0.25000000000000067,
            -0.43301270189221952,
            0.86602540378443826,
            -0.43301270189221952,
            0.74999999999999956,
            0.50000000000000044,
            -0.86602540378443826,
            -0.50000000000000044,
            0
         ],
         "translation" : [ -0.43301270189221919, -0.25000000000000022, 0 ]
      },
      {
         "id" : 5,
         "rotation" : [
            0.24999999999999933,
            0.43301270189221897,
            0.86602540378443915,
            0.43301270189221897,
            0.75000000000000067,
            -0.49999999999999939,
            -0.86602540378443915,
            0.49999999999999939,
            0
         ],
         "translation" : [ -0.43301270189221952, 0.24999999999999967, 0 ]
      },
      {
         "id" : 6,
         "rotation" : [
            1,
            0,
            0,
            0,
            -0.30901699437494745,
            -0.95105651629515364,
            0,
            0.95105651629515364,
            -0.30901699437494745
         ],
         "translation" : [ 0, 0.47552825814757677, 0.1545084971874737 ]
      },
      {
         "id" : 7,
         "rotation" : [
            0.018237254218789856,
            -0.56682098555712801,
            -0.82363910354633174,
            -0.56682098555712801,
            0.67274575140626303,
            -0.47552825814757688,
            0.82363910354633174,
            0.47552825814757688,
            -0.30901699437494701
         ],
         "translation" : [ 0.41181955177316593, 0.23776412907378844, 0.1545084971874737 ]
      },
      {
         "id" : 8,
         "rotation" : [
            0.018237254218789301,
            0.56682098555712779,
            -0.82363910354633196,
            0.56682098555712779,
            0.67274575140626347,
            0.47552825814757654,
            0.82363910354633196,
            -0.47552825814757654,
            -0.30901699437494723
         ],
         "translation" : [ 0.41181955177316598, -0.23776412907378827, 0.1545084971874737 ]
      },
      {
         "id" : 9,
         "rotation" : [
            1,
            0,
            0,
            0,
            -0.30901699437494745,
            0.95105651629515364,
            0,
            -0.95105651629515364,
            -0.30901699437494745
         ],
         "translation" : [ 0, -0.47552825814757677, 0.1545084971874737 ]
      },
      {
         "id" : 10,
         "rotation" : [
            0.018237254218790189,
            -0.56682098555712834,
            0.82363910354633163,
            -0.56682098555712834,
            0.67274575140626258,
            0.47552825814757721,
            -0.82363910354633163,
            -0.47552825814757721,
            -0.30901699437494723
         ],
         "translation" : [ -0.41181955177316582, -0.2377641290737886, 0.1545084971874737 ]
      },
      {
         "id" : 11,
         "rotation" : [
            0.018237254218788634,
            0.56682098555712757,
            0.8236391035463323,
            0.56682098555712757,
            0.67274575140626403,
            -0.47552825814757615,
            -0.8236391035463323,
            0.47552825814757615,
            -0.30901699437494745
         ],
         "translation" : [ -0.41181955177316615, 0.23776412907378808, 0.1545084971874737 ]
      },
      {
         "id" : 12,
         "rotation" : [
            1,
            0,
            0,
            0,
            -0.58778525229247292,
            -0.80901699437494734,
            0,
            0.80901699437494734,
            -0.58778525229247292
         ],
         "translation" : [ 0, 0.40450849718747373, 0.29389262614623657 ]
      },
      {
         "id" : 13,
         "rotation" : [
            -0.19083893921935435,
            -0.68753118211978304,
            -0.70062926922203672,
            -0.68753118211978304,
            0.60305368692688144,
            -0.40450849718747384,
            0.70062926922203672,
            0.40450849718747384,
            -0.58778525229247292
         ],
         "translation" : [ 0.35031463461101836, 0.20225424859373692, 0.29389262614623657 ]
      },
      {
         "id" : 14,
         "rotation" : [
            -0.19083893921935591,
            0.68753118211978315,
            -0.70062926922203694,
            0.68753118211978315,
            0.60305368692688177,
            0.40450849718747361,
            0.70062926922203694,
            -0.40450849718747361,
            -0.58778525229247425
         ],
         "translation" : [ 0.35031463461101842, -0.20225424859373678, 0.29389262614623657 ]
      },
      {
         "id" : 15,
         "rotation" : [
            1,
            0,
            0,
            0,
            -0.58778525229247292,
            0.80901699437494734,
            0,
            -0.80901699437494734,
            -0.58778525229247292
         ],
         "translation" : [ 0, -0.40450849718747373, 0.29389262614623657 ]
      },
      {
         "id" : 16,
         "rotation" : [
            -0.19083893921935413,
            -0.68753118211978326,
            0.70062926922203661,
            -0.68753118211978326,
            0.60305368692688111,
            0.40450849718747406,
            -0.70062926922203661,
            -0.40450849718747406,
            -0.58778525229247292
         ],
         "translation" : [ -0.35031463461101831, -0.20225424859373703, 0.29389262614623657 ]
      },
      {
         "id" : 17,
         "rotation" : [
            -0.19083893921935613,
            0.68753118211978226,
            0.70062926922203717,
            0.68753118211978226,
            0.60305368692688288,
            -0.40450849718747312,
            -0.70062926922203717,
            0.40450849718747312,
            -0.58778525229247336
         ],
         "translation" : [ -0.35031463461101858, 0.20225424859373659, 0.29389262614623657 ]
      },
      {
         "id" : 18,
         "rotation" : [
            1,
            0,
            0,
            0,
            -0.80901699437494767,
            -0.58778525229247314,
            0,
            0.58778525229247314,
            -0.80901699437494767
         ],
         "translation" : [ 0, 0.29389262614623657, 0.40450849718747373 ]
      },
      {
         "id" : 19,
         "rotation" : [
            -0.35676274578121037,
            -0.78332733650323783,
            -0.50903696045512714,
            -0.78332733650323783,
            0.54774575140626292,
            -0.29389262614623657,
            0.50903696045512714,
            0.29389262614623657,
            -0.80901699437494745
         ],
         "translation" : [ 0.25451848022756357, 0.14694631307311831, 0.40450849718747373 ]
      },
      {
         "id" : 20,
         "rotation" : [
            -0.35676274578121103,
            0.7833273365032376,
            -0.50903696045512725,
            0.7833273365032376,
            0.54774575140626336,
            0.29389262614623646,
            0.50903696045512725,
            -0.29389262614623646,
            -0.80901699437494767
         ],
         "translation" : [ 0.25451848022756363, -0.14694631307311823, 0.40450849718747373 ]
      },
      {
         "id" : 21,
         "rotation" : [
            1,
            0,
            0,
            0,
            -0.80901699437494767,
            0.58778525229247314,
            0,
            -0.58778525229247314,
            -0.80901699437494767
         ],
         "translation" : [ 0, -0.29389262614623657, 0.40450849718747373 ]
      },
      {
         "id" : 22,
         "rotation" : [
            -0.35676274578120992,
            -0.78332733650323827,
            0.50903696045512703,
            -0.78332733650323827,
            0.54774575140626225,
            0.29389262614623685,
            -0.50903696045512703,
            -0.29389262614623685,
            -0.80901699437494767
         ],
         "translation" : [ -0.25451848022756351, -0.14694631307311842, 0.40450849718747373 ]
      },
      {
         "id" : 23,
         "rotation" : [
            -0.35676274578121214,
            0.78332733650323716,
            0.50903696045512747,
            0.78332733650323716,
            0.54774575140626436,
            -0.29389262614623612,
            -0.50903696045512747,
            0.29389262614623612,
            -0.8090169943749479
         ],
         "translation" : [ -0.25451848022756374, 0.14694631307311809, 0.40450849718747373 ]
      },
      {
         "id" : 24,
         "rotation" : [
            1,
            0,
            0,
            0,
            -0.95105651629515764,
            -0.30901699437494751,
            0,
            0.30901699437494751,
            -0.95105651629515764
         ],
         "translation" : [ 0, 0.15450849718747373, 0.47552825814757677 ]
      },
      {
         "id" : 25,
         "rotation" : [
            -0.46329238722136834,
            -0.84483225366538717,
            -0.26761656732981753,
            -0.84483225366538717,
            0.51223587092621048,
            -0.15450849718747378,
            0.26761656732981753,
            0.15450849718747378,
            -0.95105651629515786
         ],
         "translation" : [ 0.13380828366490874, 0.077254248593736877, 0.47552825814757677 ]
      },
      {
         "id" : 26,
         "rotation" : [
            -0.46329238722136834,
            0.84483225366538672,
            -0.26761656732981753,
            0.84483225366538672,
            0.51223587092621103,
            0.1545084971874737,
            0.26761656732981753,
            -0.1545084971874737,
            -0.95105651629515719
         ],
         "translation" : [ 0.13380828366490874, -0.077254248593736835, 0.47552825814757677 ]
      },
      {
         "id" : 27,
         "rotation" : [
            1,
            0,
            0,
            0,
            -0.95105651629515764,
            0.30901699437494751,
            0,
            -0.30901699437494751,
            -0.95105651629515764
         ],
         "translation" : [ 0, -0.15450849718747373, 0.47552825814757677 ]
      },
      {
         "id" : 28,
         "rotation" : [
            -0.46329238722136701,
            -0.84483225366538739,
            0.26761656732981742,
            -0.84483225366538739,
            0.5122358709262097,
            0.15450849718747389,
            -0.26761656732981742,
            -0.15450849718747389,
            -0.95105651629515719
         ],
         "translation" : [ -0.13380828366490868, -0.077254248593736932, 0.47552825814757677 ]
      },
      {
         "id" : 29,
         "rotation" : [
            -0.46329238722136967,
            0.84483225366538628,
            0.26761656732981765,
            0.84483225366538628,
            0.51223587092621181,
            -0.15450849718747356,
            -0.26761656732981765,
            0.15450849718747356,
            -0.95105651629515786
         ],
         "translation" : [ -0.13380828366490879, 0.077254248593736766, 0.47552825814757677 ]
      }
   ]
}
